# oST version 5.0 parameters


[image]

width
800

height
448

[narrow_stereo]

camera matrix
913.433701 0.000000 288.602658
0.000000 921.925873 267.774070
0.000000 0.000000 1.000000

distortion
0.005571 0.417774 0.012828 -0.012304 0.000000

rectification
1.000000 0.000000 0.000000
0.000000 1.000000 0.000000
0.000000 0.000000 1.000000

projection
940.376038 0.000000 289.703696 0.000000
0.000000 957.170593 271.688522 0.000000
0.000000 0.000000 1.000000 0.000000